23700
6000
4700
5100
4700
4400
6900
4800
4600
6700
4900
4700
4700
4300
6400
4600
4700
4400
4400
26500
23600
5100
4500
4700
4600
4300
4300
4900
4900
4900
5500
21900
9500
4800
4600
4500
4600
4600
4900
4700
4600
5000
4800
5200
5800
4900
4800
4800
4700
4900
4800
4600
4700
4700
4800
4900
4800
5800
4900
4600
4600
4800
4700
4600
4600
4700
4800
5800
8000
6000
5900
4700
5800
5100
4800
4500
4800
4600
4700
4600
5100
4800
4700
5600
4700
4800
4600
5300
4800
6100
4600
4700
4800
4800
4900
4700
6700
4800
4700
4500
