21900
6100
4900
9000
5900
5400
4800
4800
4700
5200
5200
5000
4700
4900
4800
4900
4600
5000
4900
4800
4500
4700
4600
4900
9800
5000
7400
5200
4800
5000
4700
4900
4800
4400
4800
5200
5000
5100
4700
4800
16700
5100
4400
6500
4900
4700
4900
6800
10000
6400
5300
5000
5700
5000
6400
4900
4800
4700
5000
4800
4700
4700
4900
5000
4700
5000
4900
4800
4700
4800
4900
4800
4600
4900
5400
4800
4900
4800
4800
4900
4800
4800
5200
4900
5000
4700
5300
5000
4900
4800
4900
4900
5800
4600
4700
4800
5000
4600
4500
4600
