314600
308300
324500
340400
306800
313500
263700
239100
282400
257800
274800
244300
256100
261900
240400
227100
229800
229100
230400
230500
253000
294000
282400
322600
250700
238000
228000
228100
230700
236600
231200
223100
221800
282000
275500
229500
225200
235700
217900
238900
222600
233700
226500
231000
215100
227500
213100
219700
222600
219400
228500
232400
223400
232500
228900
219100
223500
211400
228300
235900
215700
228600
229900
228100
229700
221500
231900
227000
230900
245100
220500
214200
220200
210000
216900
214100
219400
220800
222300
214600
218000
212500
220200
218200
216700
219600
221400
215600
216300
208500
220500
227600
223400
215800
216600
223300
214800
211300
223500
209600
