15500
12300
14900
13800
11000
10400
12700
12300
10500
13000
12500
12200
12500
12400
25700
11200
11800
11300
11100
11300
11200
11200
12700
13800
12200
10900
11300
10800
11600
13500
12500
11200
13200
11800
11600
13200
13300
11700
13300
12200
11200
11100
15500
12800
11700
11500
14400
12500
22800
14700
12300
11400
11500
11600
14000
10900
10800
11200
12000
11200
11400
14000
12200
11000
13100
13000
12300
67500
21600
12900
12000
11700
11700
15000
11900
12200
14700
11700
11400
13300
11600
25200
11400
11200
11200
11100
11800
64900
20300
8300
7600
7900
8000
8000
7800
9000
22700
8000
7700
7700
