66600
42000
90900
62100
37300
37700
42700
38500
60400
39300
56800
38900
35800
38600
42700
80100
49400
49500
40600
46800
50100
51000
40800
42400
39100
43500
40400
40000
45500
44300
44400
44300
53300
47400
47800
45400
96200
48400
41400
43100
46700
42900
49600
55100
55000
51700
42400
48500
95800
43500
39500
47300
46100
40800
41500
53200
43600
41100
41600
40200
46000
36300
43900
42000
36800
41700
67000
43500
45600
38600
39700
41700
38200
40400
40400
39500
40900
38400
38300
95000
44400
39500
38500
39500
43400
40300
37500
43300
38400
40800
38900
40000
42500
54000
44600
41700
45400
42600
42800
42600
