71600
12200
5900
5300
5000
5300
8800
5500
5200
5200
8900
5300
5300
6300
6100
5300
5100
5200
19900
8900
8200
8100
10900
8200
10400
8800
10100
8600
8500
7900
10400
15700
9000
8500
9000
8400
8500
11300
12000
9400
9100
8300
9000
8800
9900
9200
8800
9600
9000
8700
8200
9700
10100
8300
8300
9100
10500
9100
8200
8100
8700
11100
9000
7900
8600
7800
7600
8700
9100
8300
8200
9000
8600
8000
8500
21400
11600
8000
8100
7500
5900
8000
8300
8400
8500
8700
8500
9100
9500
9100
8800
10400
8500
8600
63700
16500
9300
9000
9000
8300
