14300
15200
15200
7900
7400
8700
8000
7400
7600
7800
7400
17000
9600
7300
7100
7000
7200
7600
8900
6900
7000
7800
7400
7600
10600
7600
7300
7600
7100
7400
8700
7200
7300
7300
8500
7300
8800
7700
7200
7000
7300
7200
8400
7100
7400
7900
7300
7400
8800
7200
7600
7200
5700
4900
6200
5300
4900
4800
4900
5400
6400
4900
5100
5000
5200
4900
6500
5100
5000
4900
5100
5200
6800
5100
5100
4900
4700
5000
6400
5000
4800
5300
5000
4800
6600
5000
5100
4800
4900
5000
6400
4800
5200
5500
4900
4900
6700
5000
5300
5000
