109800
103500
91200
91700
102000
112800
94700
93600
92000
95400
105200
98900
101300
131100
134500
116100
95900
96600
93000
92100
104200
93300
93200
92400
98000
99500
100400
91500
142800
129700
120500
119800
144200
121300
118500
118100
117700
118900
118600
160500
128300
120600
123700
120100
119200
120600
119100
117900
119400
122300
119000
118800
117500
120100
119700
29100
28000
37700
30400
30300
34500
26000
24300
24600
28900
36200
23600
25400
27000
24500
25000
23400
23600
23200
28300
23400
24500
26900
24600
37200
24400
26300
24400
24900
26200
27500
25000
26700
25300
27600
25600
28200
25500
26900
26400
27900
26500
35700
25400
27700
