56700
28300
24000
18600
16800
20100
18500
31000
29400
18100
21000
25000
22300
27300
28900
27600
27100
27600
58300
24600
22500
18600
16300
17300
19100
26300
17500
17800
19400
17100
22400
23700
18800
17600
21600
18600
18100
18200
18700
17500
18500
16200
15900
19200
25500
2570800
42500
14800
17500
14200
15600
14000
13700
13600
14700
16300
15100
14600
15400
13900
25100
16100
13100
13100
15500
14400
14800
14100
14800
14400
15300
13500
14800
14200
17800
15900
15600
13500
15000
14000
18100
14500
15200
13500
15800
13400
15400
17400
16100
19200
17800
18200
18700
18700
18500
19000
17700
18000
17800
16200
