1520100
1720900
1683900
599600
571500
516600
778900
974700
993600
971700
1845600
2838900
1041200
1077900
1026100
971800
965800
963900
981900
994100
1060600
1396900
957800
947800
1471700
1270100
987300
1175900
1812000
2152900
1019400
1337100
1301000
984700
1072500
1235000
1380800
1814400
1022100
1085800
1047800
1243300
2066400
2858500
2648600
1899800
1443000
1353700
1843200
2941800
1338500
1336500
1553400
1283600
1197300
1126100
1137700
1378500
1387300
1148900
1231700
1420400
1584700
1334900
1128500
1116900
1078600
1031000
1033800
1166400
1132300
1272200
1472400
1522600
2304400
1091000
1031600
1051200
1026500
1029800
1092100
1352400
1127500
1153800
1212200
3305400
813600
636700
1192900
970700
1008400
977800
611100
688800
728400
783400
705500
559700
568100
577300
