168400
157400
156800
126800
125600
122600
124300
130200
123400
122700
134000
176900
162200
148600
134100
120500
123100
127000
126500
127600
122200
126600
125400
126700
121100
135400
164000
129900
123400
124600
120600
123000
122500
139300
149300
200800
178100
206000
207100
187100
125400
129800
125400
121200
121300
127000
124100
127000
143900
124500
134200
124900
123100
141500
194700
238300
207300
208700
168000
185800
180000
157600
187700
145900
1181000
291400
256300
329400
340400
266400
272400
1824000
194200
137600
169800
168100
166600
172200
179400
194300
351600
376800
319800
253500
222200
161400
249100
173800
152000
138700
294200
288800
399200
362700
436000
339800
299200
148500
142500
138400
