25900
20900
19100
19900
18800
19400
16800
20100
17600
19200
18100
18600
17900
16400
17200
17500
17800
18600
17500
19000
15600
19400
20100
18300
15200
13000
29000
12600
12300
14000
13300
19900
13600
11700
12000
11500
11800
12100
11800
11900
13600
11900
11600
25900
12100
12300
14300
11900
12000
13300
13300
11700
13100
23000
14000
11800
11600
11300
11500
20700
11900
12100
14600
12000
13500
14100
13900
12900
13500
12600
12300
12300
13400
11600
11800
25900
11900
11700
11900
12500
11600
11900
11800
13400
11800
11900
13600
12000
12000
13800
11800
21900
13400
11900
13300
12000
12700
13600
14300
13800
