41698100
44667900
40115900
40950400
39681100
40287800
42531000
40087600
39026800
39785800
38933600
43086400
39158500
39993700
38847500
39922300
40750200
39451800
43535400
41139800
38988800
50006700
49563600
47162300
53532400
120318200
163731900
164625700
181735400
157815400
104587000
97177200
58260600
58231200
40986100
38625300
42000500
38885500
42029400
41495900
39426000
40355200
39121600
41228500
40332500
39423900
40759500
39565300
39006800
40410100
38917900
39850400
38243100
41068600
41645900
38344700
39552700
39870600
38642400
42501600
42742600
40499200
38660800
40056000
39520500
39318900
40725500
39314700
38792300
40967600
38951000
42725400
40562400
38982500
39883000
38479300
40681600
42310300
39148100
40420600
39386000
41014500
42459800
42688000
41049500
38765500
39744200
39863300
39433300
40218100
42868300
39313400
40376000
38764300
40024800
38926000
41484600
39874500
39526900
41183600
