2996200
412000
406400
390800
393400
387100
386600
396300
391700
393900
388000
387900
409900
394600
393800
396400
396300
400600
388000
398200
410100
389500
394600
388000
398500
388600
385800
393000
387100
392900
394400
389700
412100
389300
387000
398300
401200
393400
388500
384200
734100
795800
696900
411400
393300
389100
385600
405600
462200
389500
387200
387900
447300
391200
414000
497700
431200
409400
388700
387900
428100
389300
408700
389300
389000
447200
389700
532200
583700
411800
497500
450500
424600
460900
424500
431200
423300
424300
424600
424400
425800
421500
422800
423100
425400
429300
423100
425300
422500
425100
426100
424800
437900
497200
692000
484500
429300
432500
611100
617900
