25506500
31270900
45741000
35901200
30942300
29403700
37229100
30184600
32503900
22328900
24181800
26595800
23383600
26326700
21062100
26512200
24903900
24086500
30137600
27202700
33573800
24190500
25037700
47853800
40767700
31412600
34472900
37997000
47401900
27530400
27827600
23746700
29666500
22247500
30764600
39482900
25314800
27617800
21803400
29292400
24364500
23290100
27221300
23797300
23753200
20792100
20276500
27310200
22203300
19782900
24722300
21393900
19884500
19826000
26155300
21365200
22533600
21365200
20321100
19522000
20962700
19822900
19663800
24950700
20219000
20370100
20424200
19279600
18904300
20875400
19410300
20015200
22082800
19884700
19842700
19521200
21476200
19418700
18931300
23554900
20620200
19224500
19906600
22944200
19749900
20783500
20172600
19178900
19139100
20692000
19775700
19189200
22285000
20203200
19334300
26479800
20863400
20599300
19059600
21578200
