46000
15500
17900
31900
13900
16000
15100
15800
14400
14700
14200
15100
13400
16500
15200
13900
14500
13200
26100
13200
12800
13400
13200
14800
13200
15400
15200
13200
14900
13700
14800
14700
14100
16400
13700
14200
15300
14900
16900
15300
32600
17200
11000
11900
11300
10400
10500
10200
11100
10200
10300
10600
10300
11900
10400
12000
10100
10100
10400
12400
10100
10600
10100
11100
11400
10100
11700
10400
10100
10500
10100
9800
10700
10300
10700
10400
10100
10300
10600
10700
10200
10200
10000
11000
10800
10300
10300
10100
13500
11300
10300
10900
12000
10100
11000
10500
26400
17700
10500
10000
