134100
84300
85100
92100
89100
86800
82800
94000
85600
82500
101000
90100
102800
108400
108300
107900
106700
107500
112300
106900
109100
106500
106900
105700
104900
106700
105900
107600
107000
110300
107100
107200
108000
131900
104100
140200
106800
134200
110200
112800
111600
111800
139200
122500
123400
125900
119900
111800
115700
117400
112800
117200
107700
108300
110900
119400
107100
102400
102700
112200
108900
107300
108100
107000
107100
106900
104800
104900
111400
111400
108800
106000
106400
108400
106700
105100
108200
107000
110600
101500
104900
97900
89100
103500
232600
94100
124500
103000
93200
91100
99500
84200
126900
93500
82700
82500
86100
113600
85700
87700
