121315800
121267700
122039800
119087800
119773300
119542500
122011600
178299200
294324900
243083500
252880400
158600500
120492300
120405400
119440300
117549900
122499800
119499100
121605900
119821800
121111700
120520500
120552700
119179300
118938100
117766600
118818400
120853000
118220400
120806700
120845500
117830000
123552600
125322000
123488300
122135400
122315200
120152300
122004900
122050400
121421200
119385000
119425300
119532700
123944100
120756000
120053600
120310200
120106600
122380400
137159400
127281800
126085400
120587200
118475200
117423300
117152100
118939300
119150200
118006300
123458900
123944400
138527600
137165500
123405500
120878100
124070500
122514500
118226900
119402800
119654300
118941900
122115100
122800800
126071600
125276000
123474000
122878200
123913400
125856500
123467600
121678800
123130800
120703400
131444400
124674400
123464100
123224400
125010600
123683300
118307200
123074600
126723900
124079400
121268600
124847200
122549800
122837200
125389000
122707100
