402500
438300
429400
430100
429700
431700
439100
418000
420200
436300
438600
428500
512200
308700
206100
202200
209400
196000
191700
190700
191100
197500
192800
191200
191000
190400
200200
194900
193800
191000
190000
203600
194700
196500
191900
191400
199300
206200
193800
192400
193300
197200
193500
190600
190700
191200
200100
204300
193700
190500
190500
196100
195000
193500
190700
190400
190900
199400
192300
190700
190500
190500
197100
192800
190700
190800
194200
240800
233100
199100
191900
191000
216000
196100
190700
190300
190200
210700
201400
190900
192300
215900
199000
202100
207300
188900
185600
193500
187100
196400
187100
189700
794200
411500
310300
308500
338200
227100
214100
193700
