106700
14000
6400
5300
5400
5200
5300
5400
5400
5100
5600
64800
10700
5400
5100
6100
5400
5800
37500
10800
5800
5600
8900
5600
5900
5800
5700
5400
5500
5400
6100
5300
5400
5800
5300
5400
5300
9400
5900
5400
5100
5500
5400
7800
5600
6200
5700
5600
5600
5500
5700
5400
5500
5300
5600
8100
8400
5900
5700
5500
5300
5600
5400
6300
5600
5300
5700
6400
5300
5500
5600
5800
5200
5300
5600
6800
5700
5200
5500
5500
8100
5300
5400
5500
5500
5700
5400
5500
5300
5500
5600
5400
5500
5700
10500
6000
5200
7100
14900
5800
