1191900
1213100
1217700
1274500
1234000
1208800
1205400
1211800
1209800
1207100
1264400
1296000
1265000
1212100
1211200
1211200
1265000
1218700
1209800
1206000
1216600
1218000
1204500
1211000
1204900
1212000
1214200
1175000
1177400
1175000
1205900
1224300
1177400
1172000
1175900
1181800
1174700
1171000
1177300
1168700
1174600
1175300
1176500
1169400
1204300
1215800
1167900
1178400
1180400
1213300
1251600
1203500
1201300
1288900
1355600
1247200
1215400
1201600
1207300
1215900
1208200
1210000
1218900
1204700
1208300
1218900
1169300
1175100
1164900
1176700
1172500
1191600
1225600
1252400
1191800
1180100
1183800
1256300
1189200
1181400
1169000
1173200
1169400
1170500
1170900
1260200
1483400
1238100
1194600
1223700
1208200
1199700
1197500
1175300
1167000
1172000
1187700
1172000
1184500
1248300
