177000
49100
28500
22500
25400
27200
24500
19700
20100
21300
22000
22300
67200
54900
25900
20400
22200
20000
26200
36100
21600
23200
28400
20900
20200
19700
21700
22500
21400
20300
22700
22100
20600
19700
20100
20700
22200
20100
19500
20000
20300
20900
20000
19300
20000
20900
21400
20100
19800
20000
20200
21000
21000
21800
20700
22500
21600
24800
26800
39900
30500
32100
28300
22900
20000
19800
22300
21000
20100
19400
19700
22300
20000
21500
19900
19200
23300
21900
21000
23400
21000
20500
19500
22200
20600
20800
20200
19800
22000
21700
19800
21700
27600
24200
20300
19600
20400
22600
20800
21700
