36500
14500
11300
10300
15000
10500
13500
10600
10200
10400
10900
11500
12000
10400
10600
10600
10600
10300
12900
13400
10500
10500
13200
10900
10500
10900
11600
10700
10500
10500
10500
10500
12200
19600
14800
10400
10600
12400
10900
10500
10500
10700
10400
10600
12500
10700
10300
9900
16600
10500
10200
10600
10700
10400
10600
10100
13100
38900
10900
6300
6000
6100
6000
6500
6700
9300
9400
8600
11100
9700
15600
9500
9700
9000
9600
11700
11100
11100
12900
14300
9300
9500
8700
12500
6600
6100
6100
6100
6000
5900
6200
6100
6100
6000
7600
6600
7300
6000
6400
6000
