121616000
120401500
117869600
118791100
118055200
117303300
117411100
117709100
118860400
120017700
116630600
117354700
119194900
117771700
118326500
117077300
117291400
117119000
117059000
128881900
118465600
119154600
117466600
119060600
119720800
117806000
114732400
115433700
115844300
115109800
115310800
116597100
118121500
117263400
117641000
119864300
121613400
117277500
117274000
117377800
118036300
118567200
116748500
118471300
118257900
118136000
121111500
120425000
117892600
118080000
117877400
118019500
118259700
119288500
118611400
120659000
118378000
118744500
123200800
117677000
136425700
253207200
163273900
122655700
126720500
132582500
119857900
121438300
122294100
120459400
123093400
122376700
121492800
122250400
125236400
119446700
121034300
120878900
118804700
113475500
118492200
122962500
128124400
123394500
124516200
122054800
122606500
118816100
119589200
121271000
120504400
119896700
119173900
128797800
124912000
120428000
116510500
119681600
117824900
120841500
