56800
14500
12900
13000
12900
13300
16600
13100
13700
13200
63500
26700
32400
15900
13300
15800
18400
14600
13900
13100
13200
14200
12800
14800
14600
14700
14900
32900
14600
13100
13200
12700
13600
13800
15400
13300
14600
14700
13300
15700
13900
24900
18100
15900
28400
15700
20500
20600
14300
15200
13900
14200
13800
15500
14900
13100
14600
14600
15300
13800
15600
14600
14900
15000
13300
14700
14000
14700
13400
15900
13500
14700
13800
15000
14300
13400
14400
14400
14400
13300
14700
13700
18300
15500
15100
15600
15600
14000
14700
13100
15900
14600
13500
15200
14900
13600
14600
13400
14600
14900
