19636200
20650900
21878100
19951300
20093700
21200000
21060400
20730500
21440500
20984800
21549800
21115900
21582000
20673600
23435100
21300500
20796600
25519100
22387300
22765500
25949300
21516600
21907100
23932800
20763300
20641200
23990100
24661100
20926000
22625700
20812700
20781400
23820500
22451400
22538400
24620800
20448800
21130500
22447800
21424100
20621600
22560600
20835500
20784500
28211100
23310100
20735300
26120200
21545000
21678100
23218000
21490800
22924400
22573000
20427900
20158200
25778700
19789000
19991900
22438800
20376200
20058700
22807600
23193900
22366600
21298000
23966900
22085900
21580000
20856700
20519300
22885600
26042400
22678900
23856700
22407600
24992100
22089800
20203100
19388100
22612600
20777100
19753800
21016200
19973200
20443200
19607100
20620100
19162300
20116800
22165400
19546300
19746500
24257800
20708400
20290200
20930800
19805500
18994800
23146000
