2427500
1474800
1488200
1391200
1419000
578600
829700
419900
401200
410700
432700
404500
405000
401500
441900
412000
442000
456800
404400
404700
401600
400900
398800
415800
402200
403100
581200
410800
459300
426400
419500
441500
438100
523500
409700
402600
398900
506300
389400
386800
436200
590800
557600
470800
435900
435800
442000
394200
390100
391100
388000
404000
403200
424600
391300
441400
400100
403400
391300
387100
386200
397500
389600
398200
400500
406600
391300
386800
389800
387900
386600
400600
683500
407700
387400
399100
389000
386400
409300
388500
391400
446500
526300
507000
824700
453100
443600
392900
424300
414300
411800
389800
386900
395500
386800
387100
390500
388600
447900
393000
