45379700
50532600
45371100
43845700
45199900
42697200
41958600
40177100
38571800
39265000
39042500
41346600
39291900
38549000
39999900
38669300
37545500
41192800
39446900
39198100
37643200
43865100
45292400
40020200
44983300
40165000
39082900
43756600
40741600
40782400
40936300
40165200
39574200
38510400
38826700
42505400
38169700
39243300
42304400
40355200
40836900
39420500
41022800
39224100
39772400
39526800
40173000
40996700
40746200
39244300
39723400
39211900
42123000
40728700
41047100
45541500
40090900
40237500
39936200
38254300
46210500
38289200
40955000
41121300
39274300
40433200
38297600
38521600
39619900
37798400
41453300
39457500
37448400
42504600
39435400
39130800
37719300
38696200
40852800
38047100
40639700
40258700
38802900
39516100
37645600
39544400
37783800
40081700
39213300
37520600
39811500
38047000
40157900
40892900
39738400
39204900
37832600
38823300
38562100
38914800
