1484600
1353300
1411900
1488900
1729600
1456100
1416000
1435100
1389100
1374700
1594200
2072000
1620400
1714300
2709800
2027900
2036000
3192700
2614300
1587400
1612700
1516700
1849900
1707900
1526900
1583800
1570900
1537800
1521500
1397500
1436400
1387400
1346600
4098500
1471400
1403000
1367400
1383800
1332100
1391700
1402000
1343900
1356100
1677100
1389500
1351000
1352500
1375200
1423300
1467500
1462400
2118200
2008700
1625100
3925300
2000600
1840700
1810000
1766600
1368800
1363100
1337600
1441600
1519700
1448600
1391000
2088100
1867000
1340500
1374600
1352400
1336800
1331800
1353100
1584200
1568800
1402900
1391500
1355600
1352100
1452200
1352900
1402900
1373600
1369400
1403700
1469200
1504200
1405100
1393200
1372100
1412400
1395300
1616700
1614600
1376000
1362400
1517400
1421900
1387700
