164000
165700
151400
190600
156500
153800
162100
138800
126500
149000
119500
129600
115900
122400
125000
112200
119300
121800
117300
121400
114600
125600
122900
113400
120300
128700
117300
119700
119000
112700
126400
114300
127500
119800
120400
120800
123100
112600
121000
119100
112600
132500
115900
119900
120300
239600
173300
161000
272000
190700
153800
144600
161200
181600
222800
153700
147100
147300
141500
136500
266100
163400
171200
140400
146100
125900
134100
279000
244300
209400
180100
174800
258100
205200
170800
184500
402400
143000
113800
133100
120800
116400
120800
116200
120500
120600
115700
128400
128200
113500
127100
121500
112600
127000
114200
125000
118400
116200
125300
122400
