87400
37700
15500
30000
30800
15700
12800
12600
12700
79400
27300
18200
22600
15700
12600
28300
14900
12300
13800
12400
14100
17300
13200
12300
12400
12300
12900
15000
12600
14100
12300
17600
12400
13200
14200
13000
14000
13900
13300
14200
14000
12900
14300
12600
13700
15200
16000
14700
12300
17300
12800
12900
15900
12400
12700
13900
13900
13500
14100
13000
19200
17200
19900
17700
17300
13000
12300
12500
14400
12400
12800
12500
12800
12400
12400
12200
12600
12900
12700
12300
12500
12900
14600
12400
13900
12300
12300
13800
13000
12300
14000
12300
12000
12800
18400
17000
12600
12300
12700
12300
