13600
5100
6500
5400
5100
4800
4300
5500
4300
4000
5700
5200
3900
4700
4800
3900
3800
3900
5400
4100
3900
4100
4300
4300
4000
3800
4000
4300
4200
3800
4000
4100
3900
3900
7000
4300
3900
3900
4000
4500
4100
3900
4000
4100
4300
3900
3900
4000
4100
3800
3900
4200
3800
3900
4200
3900
4000
3800
4000
4000
3900
3800
3800
4000
4000
3700
4100
4000
3800
5000
3900
3900
3900
3800
4000
4200
3800
3800
3900
6300
4700
3900
4000
3900
3800
3800
4500
4000
3900
3800
3900
3900
3800
3800
3800
3900
4000
3700
3900
4000
