1300200
1062000
1040300
1005100
872400
909400
812400
797300
1297300
1441400
1461200
1401800
1396800
1599500
1417000
812100
817000
832700
793100
797600
825000
611800
701400
580600
603600
608300
586300
587300
581200
591300
668900
602300
584400
575100
568800
602800
579200
583300
604000
599300
587100
674100
600100
588600
579700
598100
624900
657500
586600
591300
580600
565500
748800
724600
658100
611600
554600
640400
586600
2674600
828400
810700
787900
821900
787200
798000
873300
1252700
2159100
1314100
815100
1219100
1312500
914700
732200
648500
708300
606000
625400
611600
634600
619100
624800
587200
574500
602400
586100
580700
592600
620400
582200
553900
591300
859000
586300
617200
613700
618500
593800
568200
