185300
26000
38000
11800
13000
12700
11100
10400
10700
10300
9900
11400
12700
11300
10100
12300
14700
15300
10700
10900
10600
13800
10000
10300
11500
10500
11700
10400
10200
10800
10200
11600
10800
7100
9000
7400
7300
7400
8100
7600
7400
7300
7100
7200
8400
8000
7700
9000
7200
7600
7400
8800
11500
9500
7500
8000
27800
10100
6200
5700
6700
5400
5600
5900
5900
8200
6100
5600
5800
5200
7500
6000
5900
5600
7800
6500
5700
5600
7500
6000
6400
5700
5700
5900
6000
5800
6000
6100
6000
5700
6000
6300
5900
6100
6400
6400
6500
6300
6000
6400
