191700
182900
179500
200200
205400
199000
178200
127400
122400
129600
123600
122800
121800
121200
132100
122400
122100
125700
128600
126100
128800
122100
127200
124900
124100
125600
125300
125200
134400
136400
82400
76400
80800
82400
74500
101900
106600
84300
75000
73600
81200
73700
72600
77600
82800
73600
73400
78900
72800
78400
74600
72400
77000
72200
74600
74300
72100
80600
72100
71700
90300
136200
86200
77900
74800
90200
81600
79100
87200
89100
73400
107200
156400
239000
159800
170700
144800
150100
141600
151100
136400
154500
135800
169800
150000
132200
183800
145100
144000
137600
146800
185800
145600
203200
238400
155100
171900
142500
175300
152700
