91900
21800
11300
15000
11300
11900
12600
13000
20300
17900
13400
10800
12400
19400
13000
12600
13600
11600
10600
11000
15200
13100
11600
12800
14200
11200
13200
15000
12200
11600
12700
12800
12800
11700
29500
14400
25900
10600
13000
11000
9500
9600
11200
10200
9700
9700
11800
9900
9800
9800
11500
9700
10300
13200
13300
10100
9800
11600
9700
11900
10700
10800
10100
11000
11600
11500
13500
10800
11300
10100
9900
11200
11300
12700
9900
9600
13400
9700
7000
7300
8900
7000
7200
7900
8100
7900
7400
10700
8000
10400
170600
10500
168000
9700
10600
9900
8100
7600
10100
8300
