1008000
1004500
994100
999300
991700
989200
985400
1232100
1155500
1034800
1016100
902200
891100
896900
920900
891100
906800
930100
940900
926200
992900
1167700
1113600
1008100
1270900
1141600
947100
1280000
1040000
949400
901800
905500
888900
903600
886200
901600
909500
899300
909500
889900
901700
924700
1023700
917200
905900
908300
902200
887200
984200
1052100
1039800
1009900
903300
907100
889200
902700
887800
905800
909700
1047700
961200
916100
910000
906400
909200
890100
895700
911300
934100
896700
949400
914300
917400
881500
876500
879200
869900
965900
1097900
928700
984800
1008900
879000
932700
894600
964200
923900
1029100
1074100
1133600
1076900
991300
1193100
907100
1377700
1209200
947100
905000
914900
917900
