926400
16800
12000
11300
12300
18400
28400
12400
12200
11900
11800
12000
25500
11600
11500
11700
11900
15400
25400
34400
26800
54800
45900
28500
22500
76400
30800
25500
25300
49600
45400
25500
42300
35200
21900
17500
172600
59000
22000
10400
18800
17600
15700
29200
13800
11300
17500
18100
10400
8900
8400
147900
46600
48300
73000
17900
11200
7800
21600
11800
42900
79700
41800
16400
10400
8800
100300
39800
6900
16100
14200
16800
24200
19700
7900
11000
24100
9400
17100
6400
14300
12300
9900
10300
6300
7000
9300
13300
12800
21100
9600
7800
7700
11500
30200
18000
16700
7700
8500
11200
