461200
446300
297000
236900
392200
452300
436000
448500
523600
393400
244400
234200
232200
212600
214600
218500
213000
299600
242800
267600
219800
320300
398400
358700
330900
239200
218700
401400
414500
288900
307900
251100
294100
501000
247100
209200
202300
295900
246000
211600
209800
232100
210200
218200
203600
292400
275200
206600
205000
197700
400300
527100
456900
383400
387300
379700
612200
721200
486900
430700
401600
923600
309600
210700
202500
522200
392400
459100
502800
427800
385200
368800
372700
426400
416700
356300
373000
359600
351000
366800
347900
471300
235500
319200
316600
325000
229300
201200
197600
304300
474100
435200
365300
313800
551100
444100
405900
542200
461900
461200
