46404100
60700
55700
50300
53300
49300
59600
51900
48500
48100
70800
85600
49300
57000
70400
57900
57300
52300
45500
47900
50200
48400
64200
51100
56700
79600
55200
93800
65000
52500
59400
57000
51000
49300
56100
51800
94300
110200
135400
140600
75000
62500
51400
48400
45000
119700
159700
106600
108300
146500
55500
46000
61000
48700
42400
66000
58500
48400
50300
44900
46700
48000
59700
45500
40100
41900
41700
40600
51900
47300
43600
43800
46500
44900
235200
81000
171200
109800
93700
181900
60300
39700
38400
38500
55100
42400
39400
39200
43100
44600
42100
41200
52900
42800
295900
156000
114900
197100
116100
98500
