175600
121300
108300
293200
130700
156500
143400
198900
192200
167600
113200
142800
106400
107800
431800
1729400
227300
116100
104500
1674800
285900
137900
145600
108600
146400
121300
145300
107900
97600
161900
123100
117900
96400
87600
84600
117100
108700
131100
104300
112200
62000
49300
51400
59600
49600
52500
76200
77300
93800
82300
85600
87600
148500
121100
141100
97700
86800
89600
96500
104700
140100
134500
129700
125100
127400
157700
131000
104500
117100
83400
78800
79900
106000
86100
85800
79900
84000
99500
93700
96800
91500
96000
92300
123300
67200
709300
55200
40900
43000
51700
36200
54200
37600
35200
54800
71900
38700
43500
37500
35400
