113200
34200
21400
11800
7700
7400
15600
10400
7900
8400
9300
8900
7600
7600
8500
7600
14300
11500
7700
8400
11400
12000
8200
8300
11300
11800
15800
31900
11000
11100
10700
11300
15300
10500
12600
12100
12700
11800
9900
9400
36900
17100
10400
9900
9300
8800
14700
34600
18600
26600
10100
15300
10200
10400
9400
14000
12500
12000
10100
9900
9900
9900
10200
9900
9900
9600
11300
10600
9800
9700
9900
10200
9700
10300
10400
9600
15400
10500
11000
12600
10000
10000
8900
60600
20200
9900
11900
9600
9400
31400
22500
10200
10700
9300
9800
9600
12600
10600
15800
9700
