76900
32400
27100
27400
36400
27600
28000
26400
39300
28900
25700
27900
24900
26000
25600
26400
28200
24700
25200
26700
24900
25000
25200
26200
25100
25000
25300
27100
25000
25000
24600
26500
25400
24700
25200
26600
25400
25200
24600
27700
25300
34600
37400
52700
43600
42400
27800
25600
26900
26800
30200
25300
49800
26600
29500
27900
28800
25300
25100
27500
24800
25600
27400
24900
28000
26800
25500
25500
26700
24900
27600
32700
33800
28800
37000
50000
33800
26300
27000
27400
27100
29300
27700
26700
27100
27200
27100
40300
60700
37400
52100
36200
34400
66400
42500
48900
52900
43900
43300
37400
