22800
20100
22200
18700
22700
20100
18200
18000
18500
21100
18600
18400
32200
21500
19100
20500
20000
20800
18600
20400
18300
18600
18300
18500
21300
19000
20300
18200
20300
18500
20200
21900
21400
18800
33200
22000
19000
20600
18900
18600
19100
21100
18700
21000
19200
19100
19000
17200
28000
17200
17600
18100
23500
17300
15900
16100
22700
18600
18500
16100
23500
17400
17200
15900
23000
17300
17500
17700
23900
19000
20500
18800
16400
16400
26800
16000
16100
15900
22200
18100
15900
17500
24100
16200
17800
16200
23100
21400
16000
16000
24400
19500
18200
17900
23000
17500
16000
16100
21400
16800
