1435300
1494200
1134300
1110700
1107400
1104600
1181900
1237800
1291000
1250400
1179300
1293200
1265100
1216500
1188200
1198700
1176900
1191400
1180100
1396200
1679900
1192800
1177800
1203800
1197600
1197100
1195200
1183500
1194600
1196000
1182900
1194000
1184100
1196600
1307600
1186000
1176400
1179400
1193900
1188200
1193900
1165100
1174700
1143800
1169400
1166500
1148900
1160800
1149000
1144500
1167800
1151800
1155400
1150900
1145700
1142400
1158100
1164400
1295400
1200800
1149000
1172700
1172200
1178700
1216200
1204800
1245000
1431500
1219900
1185600
1198000
1189300
1195000
1171000
1203200
1221400
1249800
1244100
1158200
1147000
1160300
1147400
1146800
1138700
1272400
1149100
1145500
1144500
1137400
1140100
1145200
1135400
1141700
1144500
1189200
1155600
1159300
1150600
1158900
1152200
