115900
103100
93500
98800
91100
95100
92600
98000
115800
33200
34900
27000
24400
28300
27800
26100
20600
19700
25600
27800
21000
23200
25600
36000
22700
24300
24400
31400
28200
25300
24800
20700
21800
24600
24400
26500
29100
25100
20400
27600
21900
21700
25300
20200
21100
29400
23800
26000
23200
25700
27800
27400
22000
20600
23100
25800
22400
21000
25200
25900
23800
25300
21900
22000
20000
34500
27100
21700
24400
25100
20000
20100
23600
25400
21400
25000
25300
25900
27200
20100
24900
24400
21000
20000
25500
19900
21700
31300
30800
25500
26100
29300
31700
23500
20400
20300
22000
25800
26900
27000
