14900
4100
3500
5700
3200
4200
5000
3900
3500
4600
4800
4500
4500
5200
3800
4400
3300
5900
5500
4600
3600
3600
4500
5200
3400
5100
3900
4500
4600
4500
4500
4000
4500
4600
4500
4500
4600
4600
4600
4500
4600
4600
3700
4500
4600
4500
16900
3400
3400
3400
3400
6500
3500
3300
4400
5500
4800
5600
31600
11500
6200
5500
4900
4600
5300
5200
5300
5200
4700
4600
4700
5100
5400
5000
5400
5700
5600
5500
5100
5500
5700
5200
5200
5500
4500
4600
4500
4700
4600
4300
4300
4600
4600
4600
4600
5000
3700
3600
4700
4900
