19324600
17558300
17748300
19134600
19187900
19437200
19237900
20466400
17966000
18296600
19910300
18101600
18203100
22354500
18370800
17759400
18511600
19480600
18754800
17688000
18844700
20073500
18995500
18182600
20463800
17901800
18199100
18221500
20251500
17487500
17482600
19708200
17689400
17679500
17992400
18736900
17636600
17269300
17705200
17100600
16983900
16993100
17096200
18809100
17643100
17023600
18115200
17986600
17518300
17199700
18711800
17575200
17498400
17418900
23387400
18995000
19072400
21946500
18193900
19062900
19058200
17861800
17524900
17553300
19662400
18682200
17111700
17490400
18350400
17615800
17441300
17341800
19007900
17247500
17190300
17934500
17064100
17212900
17338400
19743200
17179400
17972300
18022900
18865500
17964300
16926600
17477400
16947200
16965900
17146300
19085700
17120700
17403100
17193800
18575600
18004000
17093500
16984700
17770900
17034900
